1
15
3
1
2
1
1
1
2
1
1
2
1
1
1
2
1
1
5
1
2
1
2
1
2
1
18
2
1
5
2
5
3
1
1
13
1
1
1
89
1
1
2
1
1
6
10
1
1
1
1
1
1
1
17
1
1
1
16
1
2
1
1
1
28
1
1
1
1
2
6
1
1
2
1
1
1
1
1
1
12
1
2
2
1
7
4
4
2
1
1
3
3
1
2
1
1
1
2
4
1
1
1
1
1
2
1
2
3
1
1
1
1
1
1
1
1
1
1
1
22
1
5
2
3
12
2
1
6
1
1
1
2
2
4
3
1
1
1
1
1
1
2
1
1
2
2
1
1
1
1
1
1
1
1
1
1
1
2
1
1
1
1
1
2
1
1
5
5
1
1
2
1
2
3
2
1
1
1
1
1
1
1
1
1
1
1
1
1
1
1
1
7
3
1
13
1
3
2
1
1
1
1
1
1
5
1
2
5
1
7
1
1
1
1
2
1
1
2
1
1
1
2
1
1
1
1
1
1
1
1
1
1
4
1
1
2
1
1
1
1
1
2
4
1
1
2
2
2
1
2
1
1
2
1
1
1
1
2
2
2
2
1
2
1
1
1
2
2
1
1
2
1
15
2
1
1
1
3
2
5
1
1
1
1
1
1
1
1
1
1
2
1
1
1
27
1
1
1
3
2
1
6
1
5
1
1
1
1
3
10
1
1
1
6
2
1
4
1
1
3
1
3
2
1
1
2
5
2
1
3
1
1
3
1
1
2
3
2
1
1
2
12
1
6
3
1
1
10
1
29
2
27
1
2
1
1
1
1
9
1
1
10
3
39
1
1
1
1
1
5
3
1
1
1
1
1
1
9
1
1
1
1
1
1
1
1
1
48
1
1
1
1
1
1
1
1
1
1
1
1
1
1
1
1
1
4
1
1
1
1
1
1
1
2
12
2
1
1
1
1
42
57
10
1
1
3
1
1
1
1
1
1
1
4
2
1
1
7
3
1
6
1
1
2
3
2
1
1
1
1
1
1
1
1
2
1
1
4
2
1
5
1
4
1
1
2
1
1
6
2
6
1
3
6
3
2
1
1
1
1
17
3
2
1
21
1
1
3
1
1
3
1
2
3
4
7
4
1
1
3
12
2
1
1
1
1
3
1
2
1
1
3
1
1
1
6
1
5
1
1
5
1
2
2
1
1
9
1
2
2
1
3
1
7
9
1
1
1
1
1
1
5
2
1
1
1
2
1
10
2
2
16
1
5
1
3
1
1
1
2
94
2
1
1
13
15
2
9
13
7
1
11
5
5
1
1
3
1
2
2
2
1
1
3
1
1
2
1
2
1
1
2
1
1
6
1
1
3
1
1
1
2
1
3
1
1
2
1
1
1
1
1
1
1
1
1
1
1
1
1
1
1
1
1
1
1
1
2
2
1
1
1
1
1
2
1
1
1
4
18
1
1
4
1
1
1
1
4
1
1
2
5
3
2
1
1
1
1
1
1
1
1
1
1
1
1
1
1
2
1
1
2
1
1
1
1
1
1
1
1
1
1
2
1
5
1
4
1
3
1
1
41
6
1
2
2
2
1
4
1
1
1
1
1
2
1
1
2
1
7
4
3
1
1
1
4
2
1
1
1
1
1
2
1
1
1
5
2
2
1
2
1
1
1
1
1
1
1
1
1
1
1
1
1
1
1
1
1
1
3
2
1
19
2
1
1
2
12
1
1
1
1
12
2
2
1
1
1
1
1
1
2
1
1
2
3
1
1
1
1
1
1
1
1
1
1
1
1
3
2
1
2
1
3
1
1
7
1
1
1
1
1
2
1
1
1
8
55
2
235
1
12
1
16
1
1
1
3
10
4
8
4
9
31
1
4
5
12
1
9
3
65
2
64
1
2
2
1
1
1
3
5
1
2
2
1
1
1
1
1
6
5
30
2
4
3
2
1
1
3
1
1
2
1
2
1
1
1
1
6
1
1
1
1
2
2
1
1
1
1
2
2
8
9
1
17
1
1
1
1
2
1
2
2
1
12
1
1
1
1
1
2
1
3
1
2
28
1
1
4
1
36
1
1
4
1
1
8
7
1
6
2
11
1
1
3
6
1
7
1
8
1
1
16
1
1
2
1
1
8
4
1
1
1
1
1
1
2
2
2
1
43
5
2
1
